0.000000000000000000e+00 inf
5.025125628140703765e-02 2.463131009690036954e+00
1.005025125628140753e-01 1.818389561457081971e+00
1.507537688442211199e-01 1.460148960029780563e+00
2.010050251256281506e-01 1.218548681901590713e+00
2.512562814070352091e-01 1.040381311990360658e+00
3.015075376884422398e-01 9.019660646502976054e-01
3.517587939698492705e-01 7.906862579605764552e-01
4.020100502512563012e-01 6.990234834117345919e-01
4.522613065326633319e-01 6.221387865310621379e-01
5.025125628140704181e-01 5.567371475159074157e-01
5.527638190954774489e-01 5.004760857861160206e-01
6.030150753768844796e-01 4.516327014336353196e-01
6.532663316582915103e-01 4.089044650755794819e-01
7.035175879396985410e-01 3.712840577597040226e-01
7.537688442211055717e-01 3.379775083428179783e-01
8.040201005025126024e-01 3.083488156817706383e-01
8.542713567839196331e-01 2.818813985106439213e-01
9.045226130653266639e-01 2.581505895453702903e-01
9.547738693467336946e-01 2.368035840933494507e-01
1.005025125628140836e+00 2.175445448922830316e-01
1.055276381909547867e+00 2.001233512247326263e-01
1.105527638190954898e+00 1.843269734957208861e-01
1.155778894472361928e+00 1.699727719399236059e-01
1.206030150753768959e+00 1.569032273456310855e-01
1.256281407035175990e+00 1.449817524821718773e-01
1.306532663316583021e+00 1.340893294827953941e-01
1.356783919597990051e+00 1.241217858108890765e-01
1.407035175879397082e+00 1.149875691895652502e-01
1.457286432160804113e+00 1.066059162077242356e-01
1.507537688442211143e+00 9.890533432835446614e-02
1.557788944723618174e+00 9.182233547028782750e-02
1.608040201005025205e+00 8.530037309111403176e-02
1.658291457286432236e+00 7.928894506616612770e-02
1.708542713567839266e+00 7.374283254777820595e-02
1.758793969849246297e+00 6.862145104733799461e-02
1.809045226130653328e+00 6.388829467456427769e-02
1.859296482412060358e+00 5.951045813111208865e-02
1.909547738693467389e+00 5.545822393624092600e-02
1.959798994974874420e+00 5.170470464381177883e-02
2.010050251256281673e+00 4.822553162890888534e-02
2.060301507537688703e+00 4.499858348175045375e-02
2.110552763819095734e+00 4.200374822431416494e-02
2.160804020100502765e+00 3.922271452092687682e-02
2.211055276381909795e+00 3.663878783390221716e-02
2.261306532663316826e+00 3.423672811477160988e-02
2.311557788944723857e+00 3.200260614852661750e-02
2.361809045226130888e+00 2.992367610438044848e-02
2.412060301507537918e+00 2.798826220907672108e-02
2.462311557788944949e+00 2.618565776138565004e-02
2.512562814070351980e+00 2.450603496003350007e-02
2.562814070351759010e+00 2.294036423065062835e-02
2.613065326633166041e+00 2.148034191743978041e-02
2.663316582914573072e+00 2.011832535786087922e-02
2.713567839195980103e+00 1.884727448833503974e-02
2.763819095477387133e+00 1.766069923957370308e-02
2.814070351758794164e+00 1.655261207473950405e-02
2.864321608040201195e+00 1.551748510479662203e-02
2.914572864321608225e+00 1.455021128521816372e-02
2.964824120603015256e+00 1.364606925843362024e-02
3.015075376884422287e+00 1.280069145847537691e-02
3.065326633165829318e+00 1.201003513943179994e-02
3.115577889447236348e+00 1.127035602855207611e-02
3.165829145728643379e+00 1.057818433902790213e-02
3.216080402010050410e+00 9.930302907317549443e-03
3.266331658291457440e+00 9.323727245986349749e-03
3.316582914572864471e+00 8.755687325928551354e-03
3.366834170854271502e+00 8.223610921945454996e-03
3.417085427135678533e+00 7.725108373356205822e-03
3.467336683417085563e+00 7.257958626928144065e-03
3.517587939698492594e+00 6.820096443205110083e-03
3.567839195979899625e+00 6.409600659517915647e-03
3.618090452261306655e+00 6.024683413782116505e-03
3.668341708542713686e+00 5.663680242796681995e-03
3.718592964824120717e+00 5.325040977303102663e-03
3.768844221105527748e+00 5.007321363676544082e-03
3.819095477386934778e+00 4.709175348911368020e-03
3.869346733668341809e+00 4.429347971629781118e-03
3.919597989949748840e+00 4.166668807269538650e-03
3.969849246231155870e+00 3.920045920468277593e-03
4.020100502512563345e+00 3.688460282022958548e-03
4.070351758793970376e+00 3.470960611719520455e-03
4.120603015075377407e+00 3.266658611849793462e-03
4.170854271356784437e+00 3.074724559403581216e-03
4.221105527638191468e+00 2.894383227781871428e-03
4.271356783919598499e+00 2.724910111456095314e-03
4.321608040201005529e+00 2.565627929328132256e-03
4.371859296482412560e+00 2.415903384652533844e-03
4.422110552763819591e+00 2.275144161289586065e-03
4.472361809045226622e+00 2.142796137785995050e-03
4.522613065326633652e+00 2.018340802347434130e-03
4.572864321608040683e+00 1.901292853190276848e-03
4.623115577889447714e+00 1.791197970052988255e-03
4.673366834170854744e+00 1.687630743823816202e-03
4.723618090452261775e+00 1.590192752312075304e-03
4.773869346733668806e+00 1.498510771165781396e-03
4.824120603015075837e+00 1.412235109827837546e-03
4.874371859296482867e+00 1.331038063234623149e-03
4.924623115577889898e+00 1.254612470702109453e-03
4.974874371859296929e+00 1.182670374122071029e-03
5.025125628140703959e+00 1.114941768210598802e-03
5.075376884422110990e+00 1.051173436118236007e-03
5.125628140703518021e+00 9.911278642304943102e-04
5.175879396984925052e+00 9.345822304635769242e-04
5.226130653266332082e+00 8.813274607967615335e-04
5.276381909547739113e+00 8.311673491835950764e-04
5.326633165829146144e+00 7.839177363520161146e-04
5.376884422110553174e+00 7.394057433416179135e-04
5.427135678391960205e+00 6.974690559371306189e-04
5.477386934673367236e+00 6.579552564431586986e-04
5.527638190954774267e+00 6.207211995084356733e-04
5.577889447236181297e+00 5.856324289502726470e-04
5.628140703517588328e+00 5.525626327532544551e-04
5.678391959798995359e+00 5.213931336221780876e-04
5.728643216080402389e+00 4.920124126591891595e-04
5.778894472361809420e+00 4.643156639103832961e-04
5.829145728643216451e+00 4.382043776890081417e-04
5.879396984924623482e+00 4.135859507319272722e-04
5.929648241206030512e+00 3.903733213841978030e-04
5.979899497487437543e+00 3.684846281343879594e-04
6.030150753768844574e+00 3.478428899414490465e-04
6.080402010050251604e+00 3.283757069033308470e-04
6.130653266331658635e+00 3.100149799187906460e-04
6.180904522613065666e+00 2.926966480876294651e-04
6.231155778894472697e+00 2.763604426814840432e-04
6.281407035175879727e+00 2.609496565978501039e-04
6.331658291457286758e+00 2.464109282846997260e-04
6.381909547738693789e+00 2.326940391923339809e-04
6.432160804020100819e+00 2.197517238734070341e-04
6.482412060301507850e+00 2.075394919117326672e-04
6.532663316582914881e+00 1.960154609159066915e-04
6.582914572864321912e+00 1.851401998652577865e-04
6.633165829145728942e+00 1.748765821434784666e-04
6.683417085427135973e+00 1.651896476397538580e-04
6.733668341708543004e+00 1.560464733385557050e-04
6.783919597989950034e+00 1.474160518577258901e-04
6.834170854271357065e+00 1.392691774302579294e-04
6.884422110552764096e+00 1.315783388584875271e-04
6.934673366834171127e+00 1.243176190004059820e-04
6.984924623115578157e+00 1.174626003766846954e-04
7.035175879396985188e+00 1.109902765138895235e-04
7.085427135678392219e+00 1.048789686644260362e-04
7.135678391959799249e+00 9.910824756710867297e-05
7.185929648241206280e+00 9.365885993402001889e-05
7.236180904522613311e+00 8.851265936962955715e-05
7.286432160804020342e+00 8.365254144707632027e-05
7.336683417085427372e+00 7.906238268418849270e-05
7.386934673366834403e+00 7.472698317829778395e-05
7.437185929648241434e+00 7.063201267429639702e-05
7.487437185929648464e+00 6.676395985475028574e-05
7.537688442211055495e+00 6.311008465429927404e-05
7.587939698492462526e+00 5.965837341310602947e-05
7.638190954773869557e+00 5.639749669582301659e-05
7.688442211055276587e+00 5.331676961348689466e-05
7.738693467336683618e+00 5.040611449597429101e-05
7.788944723618090649e+00 4.765602577221233235e-05
7.839195979899497679e+00 4.505753692427371770e-05
7.889447236180904710e+00 4.260218938984590436e-05
7.939698492462311741e+00 4.028200329538165239e-05
7.989949748743718771e+00 3.808944990955307483e-05
8.040201005025126690e+00 3.601742571347655311e-05
8.090452261306532833e+00 3.405922799058176345e-05
8.140703517587940752e+00 3.220853184499396937e-05
8.190954773869346894e+00 3.045936856291571568e-05
8.241206030150754813e+00 2.880610523674779472e-05
8.291457286432160956e+00 2.724342557661751872e-05
8.341708542713568875e+00 2.576631183859095378e-05
8.391959798994975017e+00 2.437002780317087342e-05
8.442211055276382936e+00 2.305010274172800900e-05
8.492462311557789079e+00 2.180231631231154414e-05
8.542713567839196998e+00 2.062268432983880502e-05
8.592964824120603140e+00 1.950744535900200122e-05
8.643216080402011059e+00 1.845304808135347829e-05
8.693467336683417201e+00 1.745613939096625494e-05
8.743718592964825120e+00 1.651355317581370795e-05
8.793969849246231263e+00 1.562229974459449880e-05
8.844221105527639182e+00 1.477955586114658646e-05
8.894472361809045324e+00 1.398265535086717539e-05
8.944723618090453243e+00 1.322908024568414800e-05
8.994974874371859386e+00 1.251645243612660705e-05
9.045226130653267305e+00 1.184252580091738931e-05
9.095477386934673447e+00 1.120517878627475442e-05
9.145728643216081366e+00 1.060240740876323947e-05
9.195979899497487509e+00 1.003231865708924073e-05
9.246231155778895427e+00 9.493124269694444675e-06
9.296482412060301570e+00 8.983134866372349405e-06
9.346733668341709489e+00 8.500754413419133617e-06
9.396984924623115631e+00 8.044475003040970850e-06
9.447236180904523550e+00 7.612871928875142809e-06
9.497487437185929693e+00 7.204599040551323930e-06
9.547738693467337612e+00 6.818384361221907528e-06
9.597989949748743754e+00 6.453025952934613614e-06
9.648241206030151673e+00 6.107388015606227836e-06
9.698492462311557816e+00 5.780397206190863616e-06
9.748743718592965735e+00 5.471039165418908921e-06
9.798994974874371877e+00 5.178355240220601784e-06
9.849246231155779796e+00 4.901439390640294379e-06
9.899497487437185939e+00 4.639435270699979808e-06
9.949748743718593857e+00 4.391533473282897135e-06
1.000000000000000000e+01 4.156968929685324636e-06
